0
0
0
0.2
0.8
0.3
25
0.6
47.8
4.1
0
0
0.3
3.9
95.5
15.7
0
0
20.3
0
6
5.6
20.7
1.9
2.7
7.7
0
0.7
0
3.6
16.8
7.4
27.7
7.8
58.4
14.3
0.2
41.1
2.4
22.4
0.8
0
1
0
4.4
24.1
4.3
24.6
41.1
29.1
21.5
20.8
15.7
16.2
28.3
3.2
1.4
0.3
13.3
0
0
6.3
3.5
39
2.2
0.8
0.3
1.3
28
0.9
8.8
35.5
12
0
0
2.5
0
0
5.5
0.2
2.6
0.6
36.5
21.9
3.8
0
0.8
3.4
0
0
3.2
8.8
1.7
5.1
0
27.5
6
10
1.2
9.7
0.8
0.5
11
0
1.9
8.2
69.2
62.9
63.9
14
9.1
8.5
58.6
6.7
9.5
7.2
0
51.2
43.7
61.5
16.1
0
0
0.1
0
0
7.6
19.7
15.5
0
1.6
0
0
0.2
2
1.4
0.3
44.6
16.4
0.2
1.2
42.3
8.4
20
0.5
0.5
14.4
47.2
9.2
0
9.2
0.6
0.1
40.8
61.1
5.6
3.4
32.3
84.3
30.9
4.7
21.3
45.4
26.1
0.1
32.6
57.8
8.3
64.8
15.9
21.2
3.3
18.9
18
13.6
23.2
0.1
28.6
101.5
3.5
4.9
50.5
15.8
2.8
2.5
7.6
0.2
9.8
2.6
0
23.7
0
0
2.5
0.3
1.2
0.5
0
0.1
15.9
6
0.3
0
21.6
28.6
56.1
1.2
0.6
5.4
21.8
0
0
3.1
0
0
0
12.5
0
0
6.4
3.4
0
0.1
0
0
0
3.6
1.9
0
11.4
0
0
15.5
4.2
9.5
2.1
2
0.5
0.9
6.7
0.3
45.7
26.7
26.7
17.8
0.8
22.6
18.6
24.8
2.3
1.1
2.9
43.4
0.6
0
0.7
0
0
16.5
0.2
4.7
24.2
58
8.7
0
5.8
21.1
10
0
3.9
1.4
3.2
0.1
1.5
1.9
1.3
4.3
66.4
0
6.3
0.1
31.9
21.9
0
33.2
4.1
54.7
0.7
3.2
8.4
15.7
27.8
17.4
4.1
22.4
28.7
14.4
4.8
1
0
0.5
0
9.8
0.1
0
19.6
2.3
3.6
8.4
0
0
0.2
20
14.4
1.5
0.2
9
1.6
0
0
4.1
15
6.6
16
1.1
14.7
5
6.5
18.1
35.5
0
2.6
9.7
9.4
5.5
28.3
0.2
16.7
61.1
8.1
0
6.1
6
14.1
11.9
0.2
0.1
61.2
27.4
0
16.8
0
0
11.6
11.8
5.3
9.8
40.3
21.1
11.3
0
0.3
0
29.2
0
0
0.9
0
0
3.3
10.3
0
30
57.2
0.7
0.5
0.6
25.5
26.7
36.4
0
8.9
0
23.4
0
0
0
3.3
39.6
2.3
2
4
2.3
0
13.6
0
79.3
35
23.7
0
5.3
4.8
15.7
7.6
0
0.9
0.2
3.8
56.8
67.1
0
9.3
27.6
13.7
0.2
28.4
4.9
16.9
0.5
24.6
0.5
0
0
0
12.9
7.5
0
4.3
3.5
12.7
90.1
0.8
0.1
0
0.1
1.3
1.2
9
0.2
0.2
0.3
58.2
0.9
0
0
1.4
2.7
0
0
6.7
7
0
0
0
8.4
0
1.2
1.4
0
0
0.3
7
14.5
13.4
0
8.4
20.9
0
6.1
37.9
0
14.4
0
34.1
0
5.2
0
0
48
15.5
56.9
0.3
0.7
3.1
0
0
32.1
0
1.6
2.7
12.6
60.1
1.3
37.2
10.9
0
1.8
34.9
32.3
20.9
61
4.3
29.6
3
16.9
5.9
3.7
0.2
2.8
0
0
37.5
59.8
46.6
19.7
36.7
135.4
20.2
16.2
14.4
3.4
8.7
0
3.5
11.9
0.7
2.5
15.8
0
24.9
20.9
0.8
0.9
10.2
8.1
12.3
13.4
22.6
35.5
1.1
0.4
5
54.2
3.8
0.3
0
2.6
1.4
59.8
4.7
5.9
0
7.6
20
35.5
13.2
4.1
3.3
38.3
1.1
5.8
0
2
3.7
15.5
0
0
0.2
29.6
6.5
0.1
1.3
0
0.4
1.4
3.5
20.2
44.1
43.5
17.4
15.1
0
42.7
0
0
25.2
0
0.3
64.8
1.3
0.1
0
7.7
8.5
37.9
0.1
37
57
39.4
25
17.1
3.3
0
0.3
0.4
0.6
0.2
0.1
0
0
3.9
2.9
23.2
0.4
2.9
13.3
0.2
0.6
15.2
46.1
4.1
0
0
38.1
0.1
6
25.4
18
11.2
0
6.7
7.6
3.8
2.3
10.6
24.5
61.8
23.2
0
4.3
3.7
43.4
9.8
0
0
0
6.8
0
0
0
10.8
0.4
0
17.6
5.7
20.4
12.4
0
1.2
2
6.4
1.3
0.8
2.6
17.9
53.4
0
28.7
0
0
41.1
41.2
2.1
0
0
16
1.9
0
0
2.7
0
1.2
36.9
0.7
2
9.2
0
16.4
0
0
45.5
0
24.7
2.1
15.2
49.7
4.1
68.5
4.9
2.5
5.7
29.9
0.3
11.1
26.9
1
0
0
2.5
0
0
0.3
2.2
1.6
12.9
0
24.1
6.8
9.2
22.8
34.3
0.2
25.1
1
2.6
0
0
0
8.7
2
15
22.6
1.9
0
12
18.6
0
0
0.4
10.9
0
1.1
12.1
12.4
0
0
5.4
0
1.5
0
0
0
4.2
0
1.1
0
0
4.9
4.7
0
9.4
0
0
0
8.5
0.2
28.2
15.2
0
0
45.1
24.7
25.6
12.1
0
4
7.2
0
7
35.9
0
1.8
0
11.2
0.7
18.8
1.2
0
10.6
0
16
8.4
0
0
0
12.1
4.7
0
0
10.6
24.7
0.4
0
2.6
34
1.5
4.7
25
4.7
3.2
0
31.9
17.8
0
31
3.4
26
0
6.2
1
59.1
0.9
0
0
3
32.8
0.9
6.2
22.2
8.6
34
3.7
0
0
24.7
22.7
3
5.9
28.2
11.8
13.4
9.3
6.2
0.7
0
0
0
6.4
2.2
1.6
0.5
12.5
25
0
39.6
0
52.8
18.6
5.7
0
21.7
0
0
0
32.7
3
0.4
12.6
6.7
0
1.1
7
0
0
0
33.2
0.7
0
0
13.8
0
0
0.9
0
1.2
1.1
0
0
0
0.4
0.2
3.1
0.2
0
0.6
0.3
0.9
8.2
4.6
3
0.2
13
0.6
26.5
2.4
20.1
10.6
45.4
5.4
6.8
7.8
12
13.7
2
9.2
12.8
0
1.2
9.3
0
36
0
63.4
0
0.2
0
0
37.5
0
7.6
10.6
13.7
1.9
27.9
26.8
0
31.4
5.3
10.7
18.6
1.2
64.7
32.8
10.2
0.1
13.3
42.8
22.8
4.1
37.7
9.8
63.5
9
9.9
11.3
2.3
2.1
91
23
33.4
0.5
0.1
0.2
0
6.8
0.9
0
0
0.2
47.4
6.8
0
0
0
4.4
0.2
0.5
1.5
0
1
5.7
8.1
6.9
2.4
8.6
0
15.2
0
2.1
14.8
10.3
1.2
4.8
13.8
13.3
19.3
2
68.5
25.2
28.1
10.3
1.3
10.4
0.8
26.3
0.1
0.8
0
0
0
0.9
5.5
15.2
14
3.2
16
0.1
9.8
26.8
1.6
5.9
0
18.9
0.2
0
47.3
27.6
27.4
4.1
54.6
31.1
5.3
23.3
127.8
69.7
0.6
0
0
0
11
0.2
10.8
0.1
0.1
7.3
29.8
23.1
4.6
8.8
4.9
7.9
0
5.8
8.1
1.6
3.8
2.9
26.3
8.2
0.1
1.7
5.3
49.6
64.1
20.4
3.2
8.3
10.3
6.5
3.8
5.3
23.3
19
34.3
10.7
0.3
1.4
30.1
0.3
29.4
26.4
14.8
1.7
0
0
19.2
1.3
31.4
0.5
0
0
0
6.7
17.4
12.4
0.7
0.7
0
3
1.2
1.7
11.9
0.7
0.1
7.5
0
0.1
0.2
0
1.8
0.2
0
1.2
0.6
0.6
5.5
1.9
2.6
0.1
6.6
8.7
1.6
0.3
5
1.4
0
0
0
0.1
0
0
1.6
0
0
2.2
0.3
0
0
0
70.6
63.6
0
0
0.6
23.4
25.5
23.6
0.4
0
0
0
4.5
0
3.5
0.4
0
0
18.3
3.1
23.3
3.2
38.6
10.8
0.1
0.7
15.9
6.9
2.2
2
9.2
5.9
8.7
4.3
0.9
1.5
0
0.4
4.3
17.4
8.5
2.5
1.6
0
17.1
53.9
7.9
0.2
6.5
0
0.4
37.7
0
15.9
4.5
24.2
4.6
84
1
20.8
41.9
15.9
1.1
0.7
36.1
17.5
0.5
0
0
4
5.3
3.3
96.4
13.3
0
3.4
31.9
30.4
44.2
21.8
4.6
4
50.6
2
42.7
36.9
0
9
5.5
10.7
0.8
0.2
1.1
0
0
0.2
13.4
27.8
0.4
10.6
17.9
0
0
0.4
17.1
1.9
27.6
1.7
0
0.1
9.4
10.1
1.3
0.5
34.1
8.8
5.7
108.3
28.5
0
1.9
14.8
47.3
83.2
9.6
6.8
9.7
10
4.4
4.5
5.1
1.9
0
7.8
1
0.2
0
16.6
0
20.8
0
0
0
18.8
0
12.7
0
0
6
12.3
44.9
34.6
20.2
36.5
6.4
1
92.5
5.8
25.3
12.1
3
0
0
0.9
13.1
8.3
4.2
18.8
30.7
12.9
14.8
19.9
0.3
9.3
0.2
2
5.2
0
0
0
35.1
0
0.4
9
6.5
2.4
0.2
19.2
0.8
0.2
0
2.1
0.5
0.1
1.1
0
0.1
0
0
0
3.5
0
0
3.3
0
0
0.3
2.8
0
0.1
0.1
0
0
0
0.9
3.2
38.5
2.6
45.4
0.4
0
1.5
0
0
3.3
0
0
7.3
19.3
5
6
2.2
6.6
0.4
0.4
4.3
6.6
39.8
15.8
1
71.5
0
75.7
2.6
7.1
0
2.8
22.9
4.3
14.6
22.3
4.8
8.6
1.1
0
7.6
0
0
18
90.7
22.7
1.2
1.1
9.7
0.6
2.1
0.2
0
6.7
1.1
0
49.9
13.9
10.5
24.4
0
43
37.5
70.1
5.5
12
7.9
5.7
0
0
0
24.4
0
11.1
0.5
15
31.5
33.7
19.4
43.4
8.9
0
0
0.9
0
0.2
11
0
0.2
17.7
37
30
51.6
20.3
11.6
23.1
8.2
1.5
0
0
0
9
31.7
36.2
2.2
8.7
78.8
33.8
14.1
0
0
0
4.9
16.7
9.7
1.6
27.7
40.2
34.8
1
0
0
11.5
1.8
3.6
6.3
0.3
13.5
33.6
1.5
77.3
0
0
0
4.3
0
13.5
23.3
0
3.7
19.1
15.4
0
61.8
11.4
3.5
0.4
13.2
0
13.8
7.5
0
9.6
0.6
0
0
1.9
1.6
2.5
15.6
4.4
3.6
0
0
8.4
2.1
1.2
35.2
0.3
0
4.4
32.4
25.3
7.5
0
1.6
0.4
19.6
13
8.4
0.2
0
0
1.5
3
0
0
0
0.2
0
0
5.4
1.5
0.2
0.3
1.1
14.2
1.9
2.1
3.6
0.7
0
7
0
0
5.2
34.7
10.7
27.8
1.1
35.3
37
0
2.1
32.8
8.1
45.6
3.5
9.4
25.2
55
21.9
0
30.2
12.8
0
13.8
1
47.6
5.8
0.2
0
0
0.6
41.1
0.3
10.4
3.8
4
3.5
0.1
7.2
5.6
0.3
3
0.4
0
1.2
5.6
3.2
0.8
2
10.6
29.8
6.1
23.4
0
0.1
48.3
1.7
0
1.5
0
0.7
16.1
0
0
30
8.9
3
1.7
54.1
54
26.8
0
0
55.7
44.4
6.9
31.1
25.8
9
0.2
0
0
2.1
6
33.3
13.3
17.2
0
3.3
0
7.2
0.5
0
4.7
26.2
1.7
2
22.1
24.4
0.2
23.2
3.8
0.5
3.7
0
10.9
16.5
0.2
33.7
1.7
0
0
3.1
4.1
1.4
10.4
1.4
33
26.4
1
30.1
120.8
40.6
13.6
3.1
1.9
3.8
34.1
0.7
0
0
0
0.2
0.1
1.8
0.7
0.9
12.7
12.1
15.5
0.2
103.7
21.6
47.3
1.7
1.5
0.3
0
2.1
0
0
16.1
0
4.5
28.9
1.5
68.8
5
0.5
0
0.2
2.7
42.3
1.5
12.8
50.6
1
0
11.9
0
16.9
15.2
0
1
78.2
1.1
8.9
0.5
10.9
0
1
0.5
0
0.1
11.7
6.1
1
0.2
172.9
12.1
0
0.5
1.6
0
1.6
5.7
8.8
2.6
3
1
1.1
20.5
1.2
9.6
0
0
0.3
0.1
3.4
0
0
2.1
0.1
2.9
0
0
0.2
2
0
0.5
11.6
4.7
0.9
1.7
0
0
6.6
1.3
0
1.5
0
0
1.5
15.3
45
11.8
6.1
0
0.1
0
0.2
0
0
0
6.7
14
0
0
5.5
0
3.1
0
0
0
6.5
0
0
14
2.6
1.9
12.7
12.8
13.7
5.5
8.1
2
0.6
4.5
0
15.1
1.8
0.1
0.5
0
0.4
0
18.5
0
4.6
78.4
7.2
0.2
0
0
1.6
22.4
6.8
77.8
43.1
3.4
44.4
4.8
17
36.4
3.2
2
0.5
27.1
15.8
12.8
10.9
50
48.8
21.8
68
20.7
45.4
4.9
8.6
0
0.3
0.2
18.5
8.7
7.3
2.9
0
0.3
2.6
0.2
14.3
0
0
0
1.7
38
25.1
110.7
59.5
19.5
0.3
3.8
84.5
22.9
41.7
34.2
4.7
22.1
82.3
27.7
42
11
0
0
1
5.9
0
3.7
0
42.6
0
7.7
16.1
27.5
0.7
21
23.4
1.3
39.7
0
1
0
4.6
18.5
25.4
6.2
0.7
18
0
11.8
0.5
43.8
10
19.3
22.1
0.5
54
29.8
32.2
10.4
0.2
2.2
22.5
30.6
26.3
6.6
62.5
36
81.9
1.9
31.6
0.4
77.4
0.6
1.4
13.9
5.2
5.7
0
0
1.6
13.6
10.6
1.6
0
0
7.8
13.9
0
13.7
1.1
0
30.1
10.3
0.9
2.7
25.1
54
0
0
0
54
0.2
3.4
22
0.8
0
34.9
4
0
0.1
0
0
0
1.8
9
23.5
48.4
19.1
0.8
0.8
0
0
0.6
0.2
0.4
0
0.9
3.2
1
65.4
1
46.7
47.5
0.3
0
0
0
17.7
25.8
34.8
0
0
0.2
0
0
0.1
17.8
20.2
31.7
1.2
0
0
17.4
0
0
18.4
1.5
0.9
94.9
28.9
7
0
0
0.1
0
0
7.5
7.5
2.8
1.6
12.5
15.2
12
0
0
11.5
3.3
0.7
0.1
0
1.1
0
0.3
5.5
0
0
9.8
28.2
0
14.7
61.1
4.4
2.7
0.3
0.2
0
87.4
3.4
20
65.8
10.5
29
0.2
0
0
6.9
43
33.5
12.6
8
0.5
11.7
9.5
12.8
15
15.5
0
0
0.1
5
36.5
23.3
0
0.4
0
2.4
0
0
0
1.5
7.8
0.8
6.8
16.5
18.5
1.7
29.4
6.1
44.9
7.6
47.5
0
0
21.6
1.8
0.4
0
0.2
8
18.9
4.8
11.4
46
16
7.8
0.2
3.6
10
19.8
49.2
21.3
18.7
0
0
0.1
95.3
32
46.3
18
8.3
35.8
48.2
8.7
0
62.2
0
0
19.7
9.5
3.7
0.6
0
3.2
62.9
9.2
25.1
1.3
4
10.3
0.2
13.8
2.7
0
5.8
7.3
12.5
29.2
0
38.3
14.2
0
2.2
7.8
45
1.4
3
6.5
0.5
0
1.8
0
23
42.5
8.8
4.7
1
2.7
3.4
14
1.5
1.8
0
3.5
18
15.8
4.1
0
8.6
0
45
5.7
0
0
8.8
17.1
12.5
8.7
0.2
2
8.5
2.8
0.1
0.2
0
0
0.8
1.5
2.7
2.2
0
0
0
12.2
0
0
0
0.8
0
0
2.8
0.9
1.6
0
0
0
6.1
1.2
6.8
3.3
7.2
42.9
33.9
20.5
2.9
23.9
1.2
0.5
9
24.5
44
1
1.5
28.5
47.3
0.6
26
13.5
1.3
4
0
35.4
15.5
3.2
33.8
46.5
0
83.5
51.7
3.4
7
18.4
5
0
0
3.3
0.8
10.1
8.6
7.2
5.1
8.8
0
11.7
13.4
1.2
10.7
10.2
14.8
22.6
3.5
2.2
14.9
20.2
31.4
2
8.1
0
0
9.5
10.6
0.5
5.6
0
0
0.7
26
4.5
0
0
18.7
8.7
0.1
0.2
0
2.3
1.1
3.5
2.1
0
0
13.8
0
8.9
2.6
0
9
20
10.9
63.5
0
32.4
55.5
7
1.9
0
0
60.5
20.4
4.5
0
0
0.1
8.1
62.2
13.2
0
0
2.7
4.3
12
0.5
0
0
4.2
1.3
1.8
3.8
0
0
2
0
4.5
10.8
0
14.7
0.5
5.5
0.3
8.5
1.7
2
44.2
0
0.8
24.3
1.2
20.3
53.6
39.5
18.3
14.1
23.4
7.2
0
13.9
52.2
7.5
4.5
0.1
0
0.9
8.3
6.6
0.7
0
60.5
4.7
3
3.7
21.9
0
18
0
0
21.7
23
0.2
8.4
3.5
27.5
0
31.3
45.3
14.9
19
8.2
11.1
3.3
45.3
23.7
0.8
0.5
0
0.7
0
3.7
6.5
7.6
11.6
6.1
0
8
4.2
5.8
0
0
35
1
6.2
46.8
14.3
0.7
3.2
0.1
0
2.7
0
0.3
0.3
0.2
0
0
36.2
0
17.4
6.7
0
0
0
35.4
0
0
2.5
2.7
0
3.7
0
0.1
0.4
13.9
0
0
61.5
0.5
12
0
1.8
0
0
0
0.3
5.8
0
6.9
26.5
0.6
26
0
26.5
9.7
2.8
44.8
3.7
50.4
14
2.8
0
0
0
4.2
7.5
0
1.3
0
0.1
48.4
18.7
5.7
5.4
10.5
0.1
37.4
8.2
0.8
1.4
4.5
4.4
2.5
0
0
1.8
11.3
7.9
0.8
36.6
2.1
4.1
3.2
1.5
46.9
5.8
2.3
22.4
5
1.3
3
0
0
24.7
5
0
56.1
7.6
17.6
10.6
0.2
5.3
25.2
0
0
16.2
16.6
12.4
30.5
83.5
29.6
16.9
20.5
8.1
0
0
0
16.1
27.7
0
1.2
9
0.1
11.6
6.3
0
0
4.4
0
10.2
0
23.7
34.7
24.3
26.9
4.8
0
0
0
68.3
54.2
0
14.2
10.6
0
0
14.5
36.5
23.7
9.9
2.3
27.4
12
0.5
56.5
0
22.9
26.5
0
25.5
88
15.6
0
8.8
0.8
11.2
1.5
24.4
8.5
0
10.4
0.6
5.5
1.8
9.8
0
0
0
33.5
6.8
28
50.8
18.6
0
0
56.1
0
0
2.2
37.4
1.6
26.3
8.6
4.2
3.5
26.8
19
31.2
36.5
30
32
0
12
0
7.5
55.2
0
0
0
1.3
6.7
8.1
0
0
1.5
0
25
2.5
9.2
9.3
0.8
1.3
11.2
22.5
0
2
37.2
3.6
0
7.6
56.5
0
0
3.8
0
0
7.2
0.5
0
0
6.8
0.2
4.5
0.7
3.6
1.2
0.2
4.3
1.3
0.1
7.5
17.8
7.2
0.5
0.5
20.4
3.2
0
1.8
131
19.1
4.2
3.1
48.2
20.6
0
41.8
2.7
0
0
2.8
19
0
18.4
1.6
19.9
0
0.6
0
1.8
9.8
13
0.1
0
1.4
0.3
13.7
36.7
15.1
5.2
22.3
116.1
25.9
0.1
0
0
0
6.4
15
16.3
12.6
5.8
7.3
1.3
1.3
0
4.6
0
0
0
9.7
14.4
13.9
17.3
1.7
0
0
11.2
4.3
1.2
0
9.8
11
12.2
0.6
0.1
0
0.4
0
4.2
20.1
7.3
9.8
17.4
0
4.3
70
93.2
43.3
67.5
28
4.3
1.2
1.8
7.2
0.9
11.6
2.7
9.9
0.5
0.7
10.5
13.5
19.9
34.7
0
7.3
0.2
0
35
2.6
0
2.5
7.8
0.1
12
1.1
1.2
54.4
19.8
1.2
28.3
29.5
0.3
5.7
5.4
42.6
81.7
13.6
10
4.3
24
1.6
3.7
25.2
3.6
0
0.6
3.1
4
19.5
0.5
0.2
2.3
25.7
0
0.9
24.2
38.3
32.2
0
0
16
7.4
0
1.6
0
3.5
0
1.2
0.5
1.6
13.2
0
13.1
79.9
0.1
5.3
47.4
11.2
7.7
14.4
0.4
1.3
0
2.6
0.9
0.8
1
3.5
0.2
4.4
0
0
10
2
1
5.7
0.6
31.9
0.3
0
0.2
3.2
0.8
0.6
3.2
2.5
1.3
9
0
1
0.6
27.2
0.2
15.4
1.5
0
0.6
20
22.5
0.4
0
2.2
0
2.3
0
0
0.6
7.7
0.6
0
0.4
0
0
7.6
32.5
26.5
17.7
3
0.6
6.8
4.7
10.5
9.1
0
0
0
0.4
6.7
7.5
1
0
0.5
3.2
0.1
21
2.4
4.9
65.1
12
24.4
4.2
1.7
3
11
6
0.6
0
21.7
8
15.1
15.3
6.5
42.1
0.2
0
1.3
0
24
0.5
0
19.8
1.5
22.5
1.6
5.6
0
0.8
11.7
37.7
20.1
9.9
5.6
1.7
0.2
22.3
50.3
0.2
1
0.2
4.5
0.8
19
10
3.3
7.2
0
24.5
0
32.5
0.4
0
0
0
6.8
18.4
0.2
10.6
0.2
0
0
0
0.3
2.3
17.2
4.1
15.3
3.5
37.6
0.7
1.3
5.4
0
0
0.4
0
1.2
0.5
3.3
24.4
1.8
1.8
0
0.9
0
18.1
9.3
16.6
9.4
0.2
0
0.5
0
0.3
1.6
0
0
1.2
0.2
7.8
17
2.5
4.4
0.5
2.7
28
0
41.5
1.8
5.3
1.5
1.5
0.1
0
0
0.4
1.9
0
0.6
0.1
11
0
29.3
13.9
27.8
1
4.6
1.5
0
0
16
30
1.6
0
0.7
3.1
0.1
0
0
0.3
9
1
7.1
11.6
0
1.2
0
11
43.1
0
0.6
36.4
32
0
19.5
48.7
38.6
0.5
2.1
2.2
0
5.8
22.4
0
11.3
82.1
27.7
0
0
0.1
0
17.6
4.6
6.5
9.6
36.8
11.7
0
0
3.5
18.6
34.5
14.8
9.4
0
23.4
0
0
0.8
0.5
0
33.8
0
0.8
1.2
0
8.1
5.3
0
7
14.8
18.3
58.9
11.6
18.7
0.4
0.1
0
0
1.1
2
7
2.5
1.6
0.3
49.2
78.9
0.5
0
19.8
52.9
39.3
1.6
0.1
4.3
4.5
16.9
95
25.1
8.6
0
0.3
13.7
30.2
22.1
28.2
21.3
1.5
0
5.5
10.2
23.9
11.1
1.1
0
0
4.4
9.2
6
0
8
0.6
0.7
0
0.3
15.6
0.5
15.6
0
0
0
29
15.9
5.4
1.8
1
49.2
2.9
8.3
5.8
3.4
69.8
14.2
0.5
2
0
1.6
2
0.4
2.3
0
0.3
0
0.5
7.2
5
0
0
0
1.6
0
0.2
13.4
0
23.2
1
0
0
0.1
0
0.7
0.4
0
1.7
0.2
33.6
29.2
2.6
0.8
0
0
20
3.8
4
7.3
0
18
0.2
0
0
1
1.2
1.5
2.6
2.4
8
0.2
3
14
3.5
0.1
36.7
0
3.9
1.8
0.1
24.2
8.1
9.5
0
16.3
6.9
1.3
0
28.7
0
0.5
21
1.2
50.8
37.3
6.7
2
0
0.6
0
0.5
8.7
1.3
21
0.6
22.9
0
0
0
0.9
0
0
35.8
0
9.7
3.4
2.2
14.2
8.2
4.2
0
0.4
0
0.2
1.3
0
0.1
23.5
7.5
58.4
0.5
0
0
83.5
12
0
0.2
82.2
4.7
0.5
17.9
27.7
69.4
49.5
0.2
8.8
0
0
0.7
0
2.8
0.2
2.5
1
26.1
1.2
1.7
6.7
22.5
18.7
17.8
0
0
20.3
4.6
0.2
28.8
0.5
9.8
66.9
0.4
1
2.9
35.4
16.6
3.6
9.2
6.3
12
0
0
0.1
0.9
0
0
1.7
0
0
6.8
37.1
1.1
0
0
0
55.2
3.5
0.3
8.9
5.5
0.4
33.5
4.5
6.8
0.3
20.9
0.3
36.4
4.8
2
2
0.3
0.4
4
1.2
0
5.8
8.2
7.5
36.5
6.3
23.3
19.7
20.4
60
3.6
0.7
37.8
2.5
0
1.4
0
0
27
16.9
0.7
0
1.3
0
2.9
1.9
7.5
47
53
12.1
32.6
22.3
0
0.7
2.6
25.3
57.3
2.4
0
9.5
17.1
17.9
11.1
0.1
0
1.8
0
0.8
0
9.6
19
7.5
0
11.3
4.4
118.9
95
52.9
10.2
42.8
86.6
3.6
0
3.3
38.1
19
0.7
33.6
7.7
0
3.6
4.6
1.9
0.3
42
35.6
12.4
36.5
12.7
0
36.1
0.4
4.3
25.9
1
0.5
32.7
30.7
45.7
25.7
0
8.5
2.7
27.1
22.8
5.5
0
0
0.8
1.6
0
69
0
0
0.4
2.2
12.1
10.9
11.1
2.6
0.2
0
0
22.2
12.6
7.4
1.2
4
44.9
2.8
2
5.1
31.5
0
0
0
3.9
3.1
0
6.3
3.7
21.1
0.2
0
0
0.2
5.1
15
1.6
0.5
0.1
0.3
4.3
61.6
0
0.2
0
0
0
0.4
26.2
39
0.2
0.4
23.5
8.9
7.2
78.4
6.3
0.2
0
2.4
2
0.3
0
0
0
6
11.3
4.5
0.6
0.6
0.6
0
1.6
0
0
6.7
0.2
0
14.5
0
0.3
0
3.3
1.2
10.5
18.7
2.5
32
5.1
0.1
0.6
0
19.1
17.9
7.1
36.9
38.9
6.8
12.3
18.1
14.4
16.2
1.8
0
0
0
6
12.7
2.7
5.5
4
6.9
50.2
1.7
12.5
0
2.3
0
6.2
0.2
27.6
1.8
0
14
0.3
5.5
3
1.3
0
0.8
0
4.7
8.5
0
5.4
7
0
0.6
0
0
13.2
0.3
14.4
0
0
1
28.1
0.6
14.9
54.9
7.5
3.8
0.4
0.5
28.4
12.3
0.5
0.3
0
1.3
5.5
0.5
1.3
0.4
0.2
19.2
3.3
1.8
3.4
5.6
6.4
29.6
25.6
22.3
24.4
24.5
0
14.1
0
0
0.2
0
1.4
4.9
74.7
0
4
30.6
6.9
35.2
6.1
9.8
1.8
0
0.9
4
51
4.6
0.5
33.8
0
22.7
7
0
23.7
0
3.2
0
5.6
21
23
0
2.7
1
2.4
0
29.3
53.7
21.9
16.5
0.4
3.4
0
37.5
0
31.8
11
0
27.8
24.7
1
16.9
31.9
6.6
35.3
10.9
9.6
0.2
0
2.1
11.2
0
2.2
8.6
37.8
8.4
3
17.1
0
6.5
27.1
3.6
5.5
0
0
0
3.8
0.3
0.8
0
0
0
2.4
0.5
5
0.7
0
10.3
6.9
21
0
0
6.4
0.5
12.2
5.2
0.5
107.2
0.8
11.1
0
8
0.4
6.5
8.5
7.5
4.6
0
24.2
17.5
0.1
0
53.3
6.2
27.3
0.3
2.5
0
0.7
37.1
0.7
0.1
4.2
5.3
3.4
23.5
21.6
3.8
73.2
3.3
0
0
0.1
29.6
44.3
3
54
6.8
36.8
0.6
15.5
1.6
0.2
0
2.8
1.2
53.5
0
16.8
0.9
0
27.9
0
0.4
59.1
1.7
1.5
17
72.7
0.1
5.8
3.3
0.6
0
0
10.7
18
3.5
9.4
0
1.4
17.7
5.8
80.4
2.7
3.3
6.3
7.8
6.1
21.5
42.7
1.7
10.2
32
1.3
18.5
0
0.1
2.1
1.6
2.1
8.4
0
20.6
0.1
16.4
8.8
27.5
47
0
0
29.3
1.9
0
0.4
11.2
0.1
10.9
3.4
0
0
31.7
85.6
12.4
7.7
2.4
1.7
2.5
8.9
15
11.1
37.8
6.9
0.4
3
4.4
14.9
18
11.2
0.7
1.7
0
27.5
1.5
8.5
12.8
63.5
15.1
22.3
26.3
9.4
1
0
4.3
30.8
1.4
1.3
0
12.8
64.9
8.2
0
0
2.4
6.4
48.7
0
1.2
0
13.5
27
18.8
0
2.4
0
0
5.7
2.4
10.5
0.6
0
0
13.2
0
1.9
0
0
1.5
0.1
24.3
0.4
0
2.7
0.8
0
3.5
4.6
0.1
0
4.6
0.1
0
0.6
8.2
13
0.7
4.1
0
0
0
3.2
0.9
16
2
0
0
0
52.1
3.2
21.2
2
0
1.2
0.4
0.7
0
1.5
0
1.6
18.9
8
0
0
30.7
13.9
37
18.4
1.2
0.1
42
56.1
58.1
14.6
0
21.2
13.7
1.7
0
0
16.3
0.4
1.3
0
0
0
13.5
18.1
9.6
172.7
109.2
6.6
4.5
8.2
48.3
25.7
2.7
0.4
5.6
3.6
0.2
11.6
0.7
0
0
11.2
0
0
0
9.4
2.8
0.1
2
1.4
0
0
0
3.1
38.7
24.1
28.8
10.4
7.5
0.9
8.9
1.3
11.4
0
0
23.7
4.1
30.8
27
11.9
3.1
0
19.3
6.4
47.3
14.3
22
7.5
18.7
11.4
6.8
0
0
20.1
0
0
0
3.5
9.2
17.2
13.4
15.2
14.9
18.6
18
0
1.1
3
2.2
3.7
0
1.5
0
1.3
0.2
23.8
55
5
0.3
0.6
16.8
61.4
31
0.8
1.5
7.5
43.9
26.6
0
0.8
15.1
3
5
0.3
44.3
50.7
2.6
14.9
1.6
2.5
1.8
11.1
27.1
4.1
4.5
4.9
0
0.4
8
0
0
14.3
1
1.2
0
7.4
0.1
15.4
1.7
2.4
4.6
3
7.8
1.9
3.2
0.4
15.3
26.8
0
4.9
32.4
25.4
48.8
1.2
20.1
2.2
9.4
28.3
1.2
23.8
3.6
10.7
0
0
18.2
90.7
5
2.9
0
1.7
0
3.2
15.3
29.4
0
17.4
1.8
0.2
0.5
0
1.3
0
0
0.2
9.9
0.1
0
0
0.1
0
0
0.4
0.8
0.2
0
5
0
2.7
0
6
0.5
60.2
69.3
0
0
0
0.1
0
0
0
6.7
0
3.2
3.9
61.7
7.7
1.2
0.4
4.8
0
0
0.7
0
0
4.6
0.4
0.1
14.5
0
0
58.5
10.4
24.2
0
0.3
2.6
0.7
0.7
15.3
0
20.7
6.5
7
11.5
0
0
0
0.6
3.5
44
0
27.5
2.9
38.5
51.9
9
3.9
0
53.9
25.5
1.7
0
0.7
0.9
21.8
16.5
3.4
1.5
6.5
1.8
12.1
7
4.7
0.3
2.5
0
0
5
22.1
7.2
0.1
0.3
0
10.6
0.1
18.9
13.4
17.6
15.7
20.2
7.5
1.1
25.8
1.5
0
1
0
7.3
7.1
18.8
2.4
0
0
12.5
0.5
10
23
12.3
27.5
0
7.5
15.8
5.5
25.3
10.3
26.1
6
10.6
0.9
0
2.6
0
9.4
3.4
0
0
0
24.6
4.6
4.6
0
0
2.2
66
22.3
10.2
0
0
0
0.1
0.1
0.8
0.9
4.6
50.4
7.4
0
0
0.6
22.2
5.9
32.6
15.7
12.3
10.2
11.8
15.7
18.2
6.4
9
20.1
7
11.5
0
0
1
5.3
13.6
1
1.7
0
19
0
0
9.5
32.1
2.1
1.3
1.3
19.1
20
8.1
2.2
42.7
33.4
4.6
0
7.1
32.7
0.1
1.8
0
0
1.8
20.5
13.2
71.6
0.1
0
0
18
10.5
2.5
8.8
0
0
0
3.8
2.5
0.2
7
0
0
0
7.9
4.5
0
0
11.7
11.9
0.8
0.2
16.5
3.3
37.1
9
1
122.1
6.7
12.2
0
27
1.6
0.7
11.1
0
0
0
0.9
2.4
1.4
0
0
2.9
0
0
11.2
7.3
1
24.4
0
20.6
4
0
0
16.6
2
0.2
40.8
27
2.8
0.7
47
26.7
1.1
0
0.4
3.4
6.9
14.8
9
2.7
5.7
0
7.1
0
0.8
21.4
0.4
3.2
0
1
12.4
16.8
18.6
16.9
34.7
9.1
0
0
9.8
17.3
32.3
11.2
43.1
29.9
88.6
20.2
21
0.5
13.5
0
0
3.6
1.5
16
49.7
13.5
27.6
29.2
8.2
0
16.6
12.9
0
21.1
0
1.8
0
0
24.9
21.6
17.3
4.8
0
2.1
47.1
2.2
22.4
0
17.9
1.8
8
16.5
8.5
0
0
24.6
14.8
24.2
0.6
4
29.1
33
38.9
5.4
12.2
0
0
0
0.6
2.6
2.9
13.1
38.1
12.8
2.9
10.9
38.8
15.5
0.1
4
0
0.8
0.4
18.6
5.1
15
0
0.9
2.5
0
0.1
15.9
15.4
11.8
4.3
3.2
0
0
1.8
14.2
4.9
2.7
19.8
25.2
1.4
0
15.9
0
0.7
1.3
0
62
0.1
3
27.1
12.2
2.3
4.7
7.8
8.8
52.1
0
0
0
19.7
9.8
0
0
5.4
4
0
1
0.9
66.8
3.2
6.1
67.8
0.3
0
0.9
15.5
0
0
0
0.1
4.5
0.6
0
0
0.2
2.4
8.3
0
0
5.5
0.3
0.5
0.3
6.5
20.5
5.4
47.2
0
0
0.3
0.2
20.6
48.2
2.4
4
0
0
15
6
0
0
0
32.5
36
0
0
16.2
2
0.4
0
0.4
0
0
9.5
0
0
0
33
0
0
44.7
0
17.3
0
0
0.3
0
3.9
0
9.9
0.1
7.6
2
34
2.6
0
3.6
85.3
16.6
9.7
7.5
35.1
8.2
8.7
13.9
18.2
3.5
11
49.4
37.3
61.7
16.2
0
0.2
0.5
0
0
0
0.1
0
0
0
0.5
21
0
27
0.3
23.6
44.2
1.5
0
0.1
4.7
0
1.9
16.3
27
38.8
0
24.6
12.4
42.5
15.9
1.1
8.3
0
0.8
0
71.8
9.7
29
3
5.5
0
7
18
114.1
10.5
3
27
36.7
41.2
28.1
11.7
4.5
30.7
43.4
36
6.4
0
2.5
5.8
7.8
17
13.9
3.9
0.4
7.7
0.5
0.5
1.9
39.4
0.2
1
3
4.2
3
0
0
19.3
4.2
52.3
4.8
1.6
1
0
0
6.3
9
0.1
32
12.2
0
1
10.5
0.4
2.9
6.8
1.1
0
28.2
24.1
0
82.7
5.8
12.2
34
6
25.7
3.3
0.4
10
79.7
82.3
22.8
14.5
0
6.2
1.1
1.8
2.6
0
8.2
0.2
1
0
0
0
0.1
2.4
1.4
30.8
13.7
0
9.4
1.3
8.4
2
1.7
0.3
17.7
8.3
3.8
7.2
4.8
1.2
1.6
0
0
0
1.9
0.4
25.4
0
0
4
6.1
0
21.2
2.1
0
0
0.2
4
104.8
0
45.3
0
4.9
0
4.7
0
0
0
83.7
0.4
1.6
1.4
2.7
1.2
3.9
25.8
0
74.2
0
0.8
35.8
48.2
4.5
0
3.8
1
45.9
2.1
4
77
62.5
50.4
2.2
15.4
32.8
7.5
42.7
35.9
6
6.4
0
0
0.3
4.5
0.7
0.7
0.5
0.3
23.3
58
0.2
21.1
4.1
80.5
21.6
23
0
0.6
0
0.3
0
0
0
0.5
0
0.4
2
11.7
16.6
16.7
1.2
152.2
26.2
6.4
1.7
0
0
35.1
5.4
0.1
38.5
0
13.1
6.5
0
2.2
2.8
84.7
0
0
0
4.6
0.4
1.2
26.7
24.4
31.3
3.9
3
31.4
0
0.6
0
59.7
15.9
19.4
3.7
0
15.3
1.8
13.9
24.4
0
1
0.9
47.5
11.6
0.8
4.1
16.9
6.5
7.4
0.5
2.7
26.4
34.1
0.3
0
0
3.4
10.7
11.8
10.9
1.6
25.6
0
1.7
8.5
28.8
0
0
10.6
13.7
19
4
0
11.4
0
30.8
1.5
22.3
37.5
38.5
12.8
22.3
0.1
0
1.6
0.1
38.3
15.2
24.9
0
0
71.8
31.8
0
0
2.5
4.8
0.1
18.3
7
30.9
0
0
0.1
0
9.2
7.8
0
1.5
0.8
1
0.2
15.6
5.2
0
0
0
3.2
0.4
2.3
0.4
2.4
0.2
17
2.8
0.4
0.1
7.1
0
0
0
0.3
0
0
2.4
6.5
6.4
14.3
0.9
5.8
3.4
0
3.4
0
0
0.3
15.6
55
42.2
35.6
5
1.5
4.3
42.6
33.2
1.7
18.8
0
1.1
50.8
62.5
1.6
3.5
0
0
0
58.7
6.2
1.1
5.3
0
1.7
0.3
0
18.8
2.8
44.5
0
15.4
40.4
9.5
9.3
16.3
1.3
0
3.4
7.6
0.1
0.8
2.3
5.6
13.1
36.2
19.8
16.5
16.1
10
9.2
0
0
8.7
110.6
0.7
0
0
19.1
0.3
7.7
12.8
24.3
10
15
24.2
43.4
0.8
0
77.4
1.3
0.7
0.1
7.3
0
7.2
14.2
0.1
2.5
7.3
0.7
1.6
22.7
10.2
20.7
36.8
30
34.7
17.8
14.9
14.6
14.3
2
43.5
0.2
0
9.7
7.7
0
0
1.9
15.7
9.4
0
25.8
3.5
0
0
0.4
18.4
27.4
0.1
0.4
25.3
7.8
126.9
24.4
9.6
22.2
14.4
15.4
15.8
2.6
74.9
0.4
0.7
0
11.4
4.1
26.7
29.8
63.6
28.4
4.6
7.3
76.5
7.5
2.9
0.7
0
12.5
12.6
7.6
4.8
0
0.1
2.5
0
0
2.7
0
9.6
3.6
0
4.4
0.8
2.8
1
0.5
0
1.5
0
2.5
1.8
8.2
28.6
0
0
0
4.2
0
0
6.4
23
21.9
1.4
15.3
24.4
2.4
36.6
0
27
0.1
3
0
0
0
0.1
0
8.3
1.8
1.2
32.3
1.5
1
0.9
0
0
5.2
10.7
7
0.1
0
0
2.4
0
18.4
22.9
6.8
1.2
8.9
31.4
0.9
0
0
3.8
78.8
3.4
0
0
0.4
36.2
10
0
0
0
97.4
0.4
0
14
0
7.9
30.9
0
29.6
0.8
38.4
0
0.3
57.2
0
0.1
4
8.1
17.3
0.1
0
3.6
21.8
80.1
4
6.4
6.2
27.2
7.2
2.9
0
2
0.4
16.1
2.6
0
6.8
0.4
77.8
0.1
0.2
0
14.2
0
18.9
1.5
11
0
0.4
1.8
0.1
0
6.2
0.7
2.8
0
0.3
37.4
36.9
25.2
0
0
0
6.4
4
1.8
0.8
11.4
3.4
4
1.2
0
0.7
17.9
33.8
0.8
1.6
0
37.5
22.4
41
5.2
0
3.3
7.5
8.2
13.1
0.3
29.6
8.9
18.4
55
1.5
33.3
12.4
19
0
1.2
20.7
18.4
15.2
4.8
45.2
35.5
2
0
24.8
0
1.8
35
15
0
52.1
14.3
0
0
0.6
19.3
10.2
29.1
46.1
47.2
16.3
23.6
22.1
4.5
19.7
0
15.8
1.8
0.8
0.4
34.4
10.5
37.4
0
0
22.9
14
1.3
0.4
0
0
0.6
6.4
0
0
2.2
0
22
8.9
15.9
0
0
0.8
36.5
0
0
0.3
3.4
10.5
0.5
28.3
36.1
0.5
3.6
0.8
0.3
0
2.6
0.9
2.9
5.6
0
0
19.2
0
0
0
6.7
0.3
0.5
2.6
0
0
0.1
6.8
0
0
0.2
34.2
11.8
1.4
1.3
3.3
15.8
5.6
0
0.8
0
0
0
20.9
0
4
8.4
0
0.1
8.2
24.2
15.1
0
49.7
53.6
0
0
1.9
0
0
0
51.3
5.7
11.2
4.1
8.4
0
19.6
0
0.8
14.6
19.6
0
0
1.4
34.6
9.6
0.8
3.3
41.2
11.6
1.3
1.2
0.4
0
0
0
1.3
0
0.1
46.9
2.5
13.7
7.5
20.7
0
20.9
3.2
11.2
26.6
2.9
0.5
17.9
36.9
13.3
16.2
0.6
0
0
6.6
0
3
0
0
0
0.6
5.5
2.7
2
0
0
0
9.2
26.9
35.6
40.5
3.3
34.4
7.1
1.3
0.9
0.1
0.8
21.6
97.4
31.5
59.8
22.2
5.9
0.7
20.1
10.8
33.1
5.5
0
0
1.4
0
19.7
10.1
0
10.2
8.9
2.6
9
0.4
0
0
0
0.1
0
29.5
0.5
15.6
66.9
0
21.9
19.8
30.3
0.1
0
1
3.7
1.7
0
1.3
41.2
5.1
6.9
0.7
0
0
4.3
31.6
3.2
11.5
24.8
1.7
0
0
0.8
5.1
0
4.3
6.1
3.3
57.4
31.5
10.7
25
40.2
1
6.7
1.6
2
0
0.2
0
98.9
17.3
34
0
0
15
0.3
46.7
0
31.2
17.5
16.8
0
4.5
14.2
29.9
13.1
27.7
19.7
56
142.5
52.1
0.9
7.3
53.4
40.5
0
0
3.5
1.3
18
1.4
0
13
0
2.4
20.5
2.1
4.4
5.3
6.1
1.7
0
0.4
3.8
4.2
9.3
25.6
41.2
1.6
2.8
1.5
1.3
0.3
0
0
0.2
1.7
0
2.1
0
0.1
2
0
0
12.9
0.1
0.6
10.1
5.1
0.3
0.1
9.5
0
0
25.9
0.4
15.2
5.8
14.5
13.5
0
0
0.1
26.7
0.9
0.6
20.7
71.6
0
0
0
1.2
0
4.6
0
0.1
0
9.1
0
9.2
0
0
0
0.5
64.4
20.4
0
0
0
1.7
0
0
0
3
0
1.5
7.5
0
11.4
13.6
9.8
10.1
8.8
5.9
0.5
4.2
0
0
30
64
4.7
27.1
2.3
4.9
17.6
0
9.5
4.5
38.8
0.2
0
0
3.5
0
1.6
0
25.1
22.7
0
0
0
2.2
14.3
0
21.2
30.3
28.2
0.3
57.6
4.3
21.2
26.7
0.7
0.7
0
3.5
4.2
13.7
0
20.9
25.6
44.8
34.1
40
7.6
23.1
38.7
36.6
0
3
0
5.1
27.5
38.2
0.5
3.2
17.4
21.5
1.9
0
0
2
34.4
8.9
0
42.3
12.3
4.8
0.8
1.9
0.1
0
0
0.5
0
0
0
2.1
1.3
29.1
0.1
16.5
50.1
88.7
24.3
36.2
31.8
7.6
0
0
7.2
0.9
1.1
0.4
7.7
0.5
8.8
1
0
57
44.1
21.3
41
16.5
70.7
38.1
4
0
0
8.2
1.1
1
4.2
40.9
8
8.1
7.8
7
11.4
2.1
0
9
17.9
18.5
32.6
30
3
2.9
0
0.5
0
0
3
0
9
17.2
23.3
0
7
58.6
0
1.1
43
47.9
0
0
1
12.1
105.1
9.3
11.5
0.6
3.6
0
1.6
0.8
0
0.3
0
1.6
9
1
9.4
34.6
0.2
4.7
8.3
13
0
3.3
2.3
3.4
2.4
0.8
48.5
2.4
0
0
23.9
0.2
20
0
1.4
0
0
62.4
4.3
0
0
0
0.3
1.5
0
5.3
1.1
0
0.8
0.1
21.6
24.9
16.5
10.6
38.8
60
103
0
0.8
7.7
11.1
0
0
3.7
0
0
0
11
0.2
0.1
0
0.8
2.2
3.3
7.1
5.1
23.9
2.4
8.8
19.8
21.4
0.3
0.1
2.1
9
22.3
8.4
0.9
1.2
0
6.1
0
131.2
1.2
0
0.5
35
12.9
6.4
3.4
36.2
2.4
0
19
4.6
15.8
0
0
2.5
3.5
8.4
0
0.9
56.5
0
0
11.4
1.1
11.8
2.7
1.8
31.7
3.3
11.3
44.1
63.2
26.3
42.2
16.7
5.2
1
0.1
0
0.3
1.7
4.9
0.7
32.3
1.7
16.3
31.2
3.8
37.8
42.6
1.2
0.5
8.1
28.7
100.3
11.5
0.7
2.9
65.3
0.2
0.5
104.1
1.8
0
0
8.5
1.3
30.6
0.4
0.1
58.7
54.7
0.4
30.8
52
17.2
41.6
42.4
45.2
22.8
4.1
0.5
0.8
26.6
41.8
14.4
4.4
11.3
0
0
0
0.5
0
15.6
35.8
2
0
18.6
0
0
1.8
0
0
0
4.3
0
36
0
10.3
4.7
1.1
1.7
0
0
4.8
0.3
3.1
15.9
43.1
4.6
0
10.9
4.4
0
8.2
0.1
8.4
15.7
0
0.2
5.6
13.1
3.2
12.7
0
0.8
31.4
0
0
9.3
24.2
0
0
1.5
5.1
4.6
3.9
1.2
52
2.9
5.2
0.4
18.9
37.6
4.9
1.4
0.7
0
0
0
4.6
0
0
0.1
7.7
1.6
0
0
34.3
83.2
16.9
0
3.6
0
42.1
45.7
27.5
3.2
2.6
31.2
1.5
2.5
3.2
4.8
0.4
7.5
6.5
1.8
0
25.1
38.1
6.8
51.9
3.4
0.5
2.2
0
59.5
20.6
0
12.3
1.6
0
0
0
3.8
0
0
0
5.8
2.6
3.4
9.6
5.3
0
47.2
4.9
6.7
32.2
0.2
27.4
1.4
0.4
7.5
4.3
5.5
0
8.8
2.6
39.3
41
25.2
12.1
0
0
7.5
0
14.3
0.3
28.6
32.8
50
21.6
23.9
14.2
82.7
54.6
27
0
9.7
35
35.8
34.7
1.5
0
6
0
0
0
8.4
2.4
34.8
23.9
38.1
12.7
36.7
13.7
2.8
7.7
15.1
3.4
0
0
4.2
6
61.2
22.5
10.1
0
37.8
5.7
4.2
0.1
0.5
1.3
34.4
1.8
51.4
0
0.3
18.4
16.7
36.2
28.3
33.1
1.6
0.9
30.7
7.6
16.5
10.1
27.6
47.3
48.6
26.3
3.3
0.8
0.1
0
24.4
7.1
1.6
0
6.8
30.7
7.7
5.7
21.6
22.9
0
13.8
0
0
0
13.5
0.8
17
10.6
1.3
21
27.1
44.3
4.7
15.4
14.3
3.1
0.6
51.2
5.2
0
17.2
19.9
10.6
10.7
0
12.1
5.3
109.2
23.6
24.1
24
14.4
17.5
5.9
3.3
1.2
44.3
46.5
0
21.8
0
21.3
30.6
3.9
18.6
0
0
0.4
40
1.4
0
0.8
8.2
0
1.2
1.3
25.6
14.5
0.7
0
1.1
75.6
78.3
1.3
0.5
2.3
0.1
0
0.4
13.9
0.3
0.2
30.7
13.3
10.8
2.4
0.5
11.1
2.2
3.8
46.4
13.9
2.4
0
0
1.8
0
0
6.4
0
1
4.9
0.9
0
9.5
0.1
0
0
0
6.3
7.9
0
0
0.7
0
0.6
0
17
1.6
6.7
0
34.2
0
8.2
4
17.6
26.8
4.6
0
0
11.9
0
0
0
6
0
0
0
49.2
10
0
3.2
79.1
40.3
19
0
0
0
7.1
43.5
0
0
9
4.4
0
10.6
2.6
58.2
0
0.1
0
7.4
45.5
40.5
27.8
0.3
14.1
0
3
21.4
0
1.8
0.4
4
2.2
1.7
0.5
34.3
20.4
14.5
12.4
12.3
1.3
25
12.9
0.5
8.2
17.1
9.2
27.7
6.7
0.2
8.9
47.8
13.5
0
0
0
39.9
66.8
47.8
2.5
0
0.3
34
36
2.8
1
1.8
8.5
12.7
8.4
0
0
0
1.4
0
13.4
0
0
0.4
6.8
5.8
2.6
0.8
0
0.4
17.4
2.9
38.4
38.9
9.8
4.4
17
39.2
75.7
22.6
0
1.1
5
31.6
0
5.3
1.6
13.4
20.2
3.4
0.9
1.9
0.2
1.4
2.8
10.2
0
0
20.3
1.6
31.5
0
8.5
0
0.8
2.7
2.6
0
18.5
2.3
0.4
0
10.7
19.7
10
0.5
4.2
0
19.5
2.9
18.9
2.6
1.6
85.2
11.4
26.3
141.5
124.3
68.9
13.2
0.4
4.3
4.3
10.7
0
0.6
0
0
8.2
2.4
16.3
0.4
9.8
28.1
4.7
6.5
31.7
0
2.7
3.1
0
2.4
0
4.9
0
4.3
0.4
0
0
13.2
0
9.4
3.1
20
0
38.5
0
9.7
3
11.8
0
0
1.7
1.5
0
0
2.8
0
2.6
1.3
0
0
0
12.8
0.7
0
0.2
28.7
5.6
0
0.1
0
0
0
0.4
0.2
10.2
0
8.4
38.9
0.1
2.2
29.3
42.1
60.9
1.2
2.1
5.2
0.2
0
0
3
0.2
24.9
0.2
31.9
3.3
0
0
9.6
0.1
23.4
0
0
0
0.6
0
0
3.5
2.2
8.1
0
0
0.1
3
0
0
1.1
0
0.1
0.1
0
0
6.3
27.8
44.2
19
59.7
7
13
3.6
5.9
4.3
27.8
0
13.3
0.4
0.4
0.2
42
0
6.3
5.8
2.8
17.9
1.6
4.5
0.1
2.5
29.2
0
0
19.1
0.1
2.3
9.7
27.5
59.4
59.5
0.5
7.6
37.7
43.3
16.1
25.7
4.7
7.1
7.1
6.5
0
4.7
5.8
3.1
28.9
14.4
20.3
53.7
20
2.2
7
0.2
0
0
0
1.1
0
0.6
29.3
6.5
0
2.1
1.2
7.7
0
0
17.6
1.1
31.5
21.1
7.6
2.3
15.2
15.2
18
44.2
10.6
2.5
2.9
0.1
0
0
39.7
2.4
6.4
0.3
5.8
0
0
3.4
1.6
19.8
0.8
0
2.6
0
9.1
0
17.3
58.9
0
9.2
33.1
40.8
27.1
7
0
10.4
14.2
7.4
20.4
12.3
11.7
8.3
18.7
0
0
4.2
60.9
4.7
59.7
5.2
11.7
7.5
14.1
18
4.5
0
8.5
0
43.3
2.5
1.8
13
3.9
0
22.5
37.8
16.5
32.2
7.1
26.1
31.5
0.5
4.9
0
0.8
7.3
57.3
0
0
0
0.2
9.5
0
0
0
0.4
0
22.5
0.6
13.5
0
15.2
3.3
